model	pheme_acc	pheme_f1	twitter15_acc	twitter15_f1	twitter16_acc	twitter16_f1	weibo_acc	weibo_f1	avg_acc	avg_f1	inference_ms
BiGCN	82.1	81.3	86.2	84.7	87.6	85.9	81.4	80.2	84.3	83	9.2
GLAN	84.9	83.7	88.1	86.5	89.3	87.1	83.6	82	86.5	84.8	18.4
DGTR	86.5	85.4	89.7	88	91.2	89.5	85.7	84.1	88.3	86.8	41.1
HAT4RD	85.2	84.1	87.9	86.2	89.8	88	84.1	83	86.8	85.3	22.6
ACLR	84.7	83.9	88.4	86.8	90.1	88.4	83.9	82.7	86.8	85.5	19.8
BERT-base	83.6	82.5	87.2	85.9	88.7	87.1	82.8	81.6	85.6	84.3	14.3
DetectYSF	85.9	84.8	88.8	87.1	90.6	88.9	84.5	83.4	87.5	86.1	31.7
GAAL	84.3	83.2	87.6	86	89.4	87.8	83.7	82.5	86.3	84.9	16.2
RADAR-Net	88.9	88.2	91.4	90.1	93.3	92.4	87.5	86.4	90.3	89.3	15.8
